{"matrix":{"Cov":[[5.239186753077857e-7,-1.6274841806001552e-7,-1.4191116528867894e-7,2.1362703318440212e-8,8.982615431159253e-8,-6.559052581062818e-8],[-1.6274841806001552e-7,6.372480367784149e-7,1.490229085559142e-7,4.5430009301592703e-7,-2.0839732739131874e-7,1.0426676625267017e-7],[-1.4191116528867894e-7,1.490229085559142e-7,5.379790187809968e-7,4.5115652508793474e-8,-2.0492516898994352e-7,3.1188262880628824e-7],[2.1362703318440212e-8,4.5430009301592703e-7,4.5115652508793474e-8,8.09160552020729e-7,-1.2342064669121384e-7,8.009675541407759e-8],[8.982615431159253e-8,-2.0839732739131874e-7,-2.0492516898994352e-7,-1.2342064669121384e-7,4.585455849969924e-7,-1.2810427095210815e-7],[-6.559052581062818e-8,1.0426676625267017e-7,3.1188262880628824e-7,8.009675541407759e-8,-1.2810427095210815e-7,4.818223548405315e-7]],"Cor":[[1,-0.2816635074525001,-0.2673018455645865,0.032810051981900575,0.1832650328293961,-0.13054664042388975],[-0.2816635074525001,1,0.2545166000874775,0.6326612304237917,-0.385519751879799,0.1881690439952997],[-0.2673018455645865,0.2545166000874775,1,0.06837970497825598,-0.41259254302875603,0.6125831461471539],[0.032810051981900575,0.6326612304237917,0.06837970497825598,1,-0.20261855253520958,0.1282785670561281],[0.1832650328293961,-0.385519751879799,-0.41259254302875603,-0.20261855253520958,1,-0.27253913810397923],[-0.13054664042388975,0.1881690439952997,0.6125831461471539,0.1282785670561281,-0.27253913810397923,1]],"Symbols":["AAPL","GOOGL","MSFT","AMZN","TSLA","META"],"Time":"2025-11-13T16:30:23.880307131-05:00"},"mode":{"Eigenvalues":[2.3869149551020685,1.3321663753952477,0.9506966062380608,0.699761514232722,0.27801472276921313,0.352445826262685],"MaxEigen":2.3869149551020685,"Condition":8.585570329969558,"Regime":"NORMAL","Time":"2025-11-13T16:30:23.880362703-05:00"},"alerts":[{"Level":"CRITICAL","Symbol":"MARKET","Message":"crisis mode detected","Value":3.0024571278865717,"Threshold":2.8,"Time":"2025-11-13T16:30:11.356391256-05:00"},{"Level":"CRITICAL","Symbol":"MARKET","Message":"crisis mode detected","Value":2.987521107076086,"Threshold":2.8,"Time":"2025-11-13T16:30:11.38064799-05:00"},{"Level":"CRITICAL","Symbol":"MARKET","Message":"crisis mode detected","Value":2.987521107076086,"Threshold":2.8,"Time":"2025-11-13T16:30:11.40562455-05:00"},{"Level":"CRITICAL","Symbol":"MARKET","Message":"crisis mode detected","Value":2.9270553531118915,"Threshold":2.8,"Time":"2025-11-13T16:30:11.431988946-05:00"},{"Level":"CRITICAL","Symbol":"MARKET","Message":"crisis mode detected","Value":2.997401054256115,"Threshold":2.8,"Time":"2025-11-13T16:30:11.480376636-05:00"},{"Level":"CRITICAL","Symbol":"MARKET","Message":"crisis mode detected","Value":3.0151509261134564,"Threshold":2.8,"Time":"2025-11-13T16:30:11.530884336-05:00"},{"Level":"CRITICAL","Symbol":"MARKET","Message":"crisis mode detected","Value":3.0345974967370326,"Threshold":2.8,"Time":"2025-11-13T16:30:11.555467117-05:00"},{"Level":"CRITICAL","Symbol":"MARKET","Message":"crisis mode detected","Value":3.037225891853323,"Threshold":2.8,"Time":"2025-11-13T16:30:11.605878356-05:00"},{"Level":"CRITICAL","Symbol":"MARKET","Message":"crisis mode detected","Value":3.0679562231802437,"Threshold":2.8,"Time":"2025-11-13T16:30:11.630639032-05:00"},{"Level":"CRITICAL","Symbol":"MARKET","Message":"crisis mode detected","Value":3.068246360369671,"Threshold":2.8,"Time":"2025-11-13T16:30:11.655627629-05:00"},{"Level":"CRITICAL","Symbol":"MARKET","Message":"crisis mode detected","Value":3.0904622393103165,"Threshold":2.8,"Time":"2025-11-13T16:30:11.705767502-05:00"},{"Level":"CRITICAL","Symbol":"MARKET","Message":"crisis mode detected","Value":3.0435798979895097,"Threshold":2.8,"Time":"2025-11-13T16:30:11.730234832-05:00"},{"Level":"CRITICAL","Symbol":"MARKET","Message":"crisis mode detected","Value":3.0784313365567826,"Threshold":2.8,"Time":"2025-11-13T16:30:11.780854922-05:00"},{"Level":"CRITICAL","Symbol":"MARKET","Message":"crisis mode detected","Value":3.0784313365567826,"Threshold":2.8,"Time":"2025-11-13T16:30:11.805812272-05:00"},{"Level":"CRITICAL","Symbol":"MARKET","Message":"crisis mode detected","Value":3.1073732955695514,"Threshold":2.8,"Time":"2025-11-13T16:30:11.831109422-05:00"},{"Level":"CRITICAL","Symbol":"MARKET","Message":"crisis mode detected","Value":3.0544761086489256,"Threshold":2.8,"Time":"2025-11-13T16:30:11.880351223-05:00"},{"Level":"CRITICAL","Symbol":"MARKET","Message":"crisis mode detected","Value":3.027625978251479,"Threshold":2.8,"Time":"2025-11-13T16:30:11.931103002-05:00"},{"Level":"CRITICAL","Symbol":"MARKET","Message":"crisis mode detected","Value":2.9429563688938014,"Threshold":2.8,"Time":"2025-11-13T16:30:12.005797456-05:00"},{"Level":"CRITICAL","Symbol":"MARKET","Message":"crisis mode detected","Value":2.9429563688938014,"Threshold":2.8,"Time":"2025-11-13T16:30:12.030522067-05:00"},{"Level":"CRITICAL","Symbol":"MARKET","Message":"crisis mode detected","Value":2.920053447614263,"Threshold":2.8,"Time":"2025-11-13T16:30:12.055403305-05:00"},{"Level":"CRITICAL","Symbol":"MARKET","Message":"crisis mode detected","Value":2.907316247394703,"Threshold":2.8,"Time":"2025-11-13T16:30:12.080961328-05:00"},{"Level":"CRITICAL","Symbol":"MARKET","Message":"crisis mode detected","Value":2.907316247394703,"Threshold":2.8,"Time":"2025-11-13T16:30:12.105481684-05:00"},{"Level":"CRITICAL","Symbol":"MARKET","Message":"crisis mode detected","Value":2.937125310302044,"Threshold":2.8,"Time":"2025-11-13T16:30:12.131144249-05:00"},{"Level":"CRITICAL","Symbol":"MARKET","Message":"crisis mode detected","Value":2.886819352077758,"Threshold":2.8,"Time":"2025-11-13T16:30:12.155919202-05:00"},{"Level":"CRITICAL","Symbol":"MARKET","Message":"crisis mode detected","Value":2.8353234422336833,"Threshold":2.8,"Time":"2025-11-13T16:30:12.180552498-05:00"},{"Level":"CRITICAL","Symbol":"MARKET","Message":"crisis mode detected","Value":2.847082539618452,"Threshold":2.8,"Time":"2025-11-13T16:30:12.256038543-05:00"},{"Level":"CRITICAL","Symbol":"MARKET","Message":"crisis mode detected","Value":2.8470227661802894,"Threshold":2.8,"Time":"2025-11-13T16:30:12.280519704-05:00"},{"Level":"CRITICAL","Symbol":"MARKET","Message":"crisis mode detected","Value":2.847476689416988,"Threshold":2.8,"Time":"2025-11-13T16:30:12.330613694-05:00"},{"Level":"CRITICAL","Symbol":"MARKET","Message":"crisis mode detected","Value":2.8762012811361366,"Threshold":2.8,"Time":"2025-11-13T16:30:12.38076845-05:00"},{"Level":"CRITICAL","Symbol":"MARKET","Message":"crisis mode detected","Value":2.8916922875871074,"Threshold":2.8,"Time":"2025-11-13T16:30:12.40520286-05:00"},{"Level":"CRITICAL","Symbol":"MARKET","Message":"crisis mode detected","Value":2.8751859058017297,"Threshold":2.8,"Time":"2025-11-13T16:30:12.431014443-05:00"},{"Level":"CRITICAL","Symbol":"MARKET","Message":"crisis mode detected","Value":2.8751859058017297,"Threshold":2.8,"Time":"2025-11-13T16:30:12.455612853-05:00"},{"Level":"CRITICAL","Symbol":"MARKET","Message":"crisis mode detected","Value":2.905606147661799,"Threshold":2.8,"Time":"2025-11-13T16:30:12.481162999-05:00"},{"Level":"CRITICAL","Symbol":"MARKET","Message":"crisis mode detected","Value":2.909516130667575,"Threshold":2.8,"Time":"2025-11-13T16:30:12.5057619-05:00"},{"Level":"CRITICAL","Symbol":"MARKET","Message":"crisis mode detected","Value":2.909516130667575,"Threshold":2.8,"Time":"2025-11-13T16:30:12.530244769-05:00"},{"Level":"CRITICAL","Symbol":"MARKET","Message":"crisis mode detected","Value":2.8198265232340365,"Threshold":2.8,"Time":"2025-11-13T16:30:12.605328317-05:00"},{"Level":"CRITICAL","Symbol":"MARKET","Message":"crisis mode detected","Value":2.8198265232340365,"Threshold":2.8,"Time":"2025-11-13T16:30:12.630337469-05:00"},{"Level":"CRITICAL","Symbol":"MARKET","Message":"crisis mode detected","Value":2.846587035228947,"Threshold":2.8,"Time":"2025-11-13T16:30:12.705879973-05:00"},{"Level":"CRITICAL","Symbol":"MARKET","Message":"crisis mode detected","Value":2.85424782142223,"Threshold":2.8,"Time":"2025-11-13T16:30:12.730325951-05:00"},{"Level":"CRITICAL","Symbol":"MARKET","Message":"crisis mode detected","Value":2.8435666836760474,"Threshold":2.8,"Time":"2025-11-13T16:30:12.780614695-05:00"},{"Level":"CRITICAL","Symbol":"MARKET","Message":"crisis mode detected","Value":2.868887109559665,"Threshold":2.8,"Time":"2025-11-13T16:30:12.830709875-05:00"},{"Level":"CRITICAL","Symbol":"MARKET","Message":"crisis mode detected","Value":2.8582086632665757,"Threshold":2.8,"Time":"2025-11-13T16:30:12.855563317-05:00"},{"Level":"CRITICAL","Symbol":"MARKET","Message":"crisis mode detected","Value":2.867419095903222,"Threshold":2.8,"Time":"2025-11-13T16:30:12.88032734-05:00"},{"Level":"CRITICAL","Symbol":"MARKET","Message":"crisis mode detected","Value":2.878867624463629,"Threshold":2.8,"Time":"2025-11-13T16:30:12.905366583-05:00"},{"Level":"CRITICAL","Symbol":"MARKET","Message":"crisis mode detected","Value":2.8872376942260707,"Threshold":2.8,"Time":"2025-11-13T16:30:12.931118391-05:00"},{"Level":"CRITICAL","Symbol":"MARKET","Message":"crisis mode detected","Value":2.8872902664053095,"Threshold":2.8,"Time":"2025-11-13T16:30:12.955884886-05:00"},{"Level":"CRITICAL","Symbol":"MARKET","Message":"crisis mode detected","Value":2.8872902664053095,"Threshold":2.8,"Time":"2025-11-13T16:30:12.98026389-05:00"},{"Level":"CRITICAL","Symbol":"MARKET","Message":"crisis mode detected","Value":2.888218421071533,"Threshold":2.8,"Time":"2025-11-13T16:30:13.005713037-05:00"},{"Level":"CRITICAL","Symbol":"MARKET","Message":"crisis mode detected","Value":2.891552834304345,"Threshold":2.8,"Time":"2025-11-13T16:30:13.030665195-05:00"},{"Level":"CRITICAL","Symbol":"MARKET","Message":"crisis mode detected","Value":2.8774677377264455,"Threshold":2.8,"Time":"2025-11-13T16:30:13.080927854-05:00"},{"Level":"CRITICAL","Symbol":"MARKET","Message":"crisis mode detected","Value":2.8774677377264455,"Threshold":2.8,"Time":"2025-11-13T16:30:13.105297723-05:00"},{"Level":"CRITICAL","Symbol":"MARKET","Message":"crisis mode detected","Value":2.8898935426756602,"Threshold":2.8,"Time":"2025-11-13T16:30:13.130820231-05:00"},{"Level":"CRITICAL","Symbol":"MARKET","Message":"crisis mode detected","Value":2.9514079948394465,"Threshold":2.8,"Time":"2025-11-13T16:30:13.15530452-05:00"},{"Level":"CRITICAL","Symbol":"MARKET","Message":"crisis mode detected","Value":2.915790715382495,"Threshold":2.8,"Time":"2025-11-13T16:30:13.23076322-05:00"},{"Level":"CRITICAL","Symbol":"MARKET","Message":"crisis mode detected","Value":2.853441069583354,"Threshold":2.8,"Time":"2025-11-13T16:30:13.255453153-05:00"},{"Level":"CRITICAL","Symbol":"MARKET","Message":"crisis mode detected","Value":2.8020191892330377,"Threshold":2.8,"Time":"2025-11-13T16:30:19.855236869-05:00"},{"Level":"CRITICAL","Symbol":"MARKET","Message":"crisis mode detected","Value":2.8124262303242387,"Threshold":2.8,"Time":"2025-11-13T16:30:20.556351384-05:00"},{"Level":"CRITICAL","Symbol":"MARKET","Message":"crisis mode detected","Value":2.80620937433691,"Threshold":2.8,"Time":"2025-11-13T16:30:20.58129832-05:00"},{"Level":"CRITICAL","Symbol":"MARKET","Message":"crisis mode detected","Value":2.80620937433691,"Threshold":2.8,"Time":"2025-11-13T16:30:20.605926877-05:00"},{"Level":"CRITICAL","Symbol":"MARKET","Message":"crisis mode detected","Value":2.8233454525607797,"Threshold":2.8,"Time":"2025-11-13T16:30:20.655272083-05:00"},{"Level":"CRITICAL","Symbol":"MARKET","Message":"crisis mode detected","Value":2.8233454525607797,"Threshold":2.8,"Time":"2025-11-13T16:30:20.680816557-05:00"},{"Level":"CRITICAL","Symbol":"MARKET","Message":"crisis mode detected","Value":2.890313286886646,"Threshold":2.8,"Time":"2025-11-13T16:30:20.705518754-05:00"},{"Level":"CRITICAL","Symbol":"MARKET","Message":"crisis mode detected","Value":2.8309604591684687,"Threshold":2.8,"Time":"2025-11-13T16:30:20.855980632-05:00"},{"Level":"CRITICAL","Symbol":"MARKET","Message":"crisis mode detected","Value":2.932679634534911,"Threshold":2.8,"Time":"2025-11-13T16:30:20.88043168-05:00"},{"Level":"CRITICAL","Symbol":"MARKET","Message":"crisis mode detected","Value":2.8805744677371683,"Threshold":2.8,"Time":"2025-11-13T16:30:20.930457619-05:00"},{"Level":"CRITICAL","Symbol":"MARKET","Message":"crisis mode detected","Value":2.9163910324983076,"Threshold":2.8,"Time":"2025-11-13T16:30:20.980894321-05:00"},{"Level":"CRITICAL","Symbol":"MARKET","Message":"crisis mode detected","Value":2.9331748711806678,"Threshold":2.8,"Time":"2025-11-13T16:30:21.005389464-05:00"},{"Level":"CRITICAL","Symbol":"MARKET","Message":"crisis mode detected","Value":2.999808127351419,"Threshold":2.8,"Time":"2025-11-13T16:30:21.030978203-05:00"},{"Level":"CRITICAL","Symbol":"MARKET","Message":"crisis mode detected","Value":3.0033288538263054,"Threshold":2.8,"Time":"2025-11-13T16:30:21.055858302-05:00"},{"Level":"CRITICAL","Symbol":"MARKET","Message":"crisis mode detected","Value":3.0033288538263054,"Threshold":2.8,"Time":"2025-11-13T16:30:21.080267768-05:00"},{"Level":"HIGH","Symbol":"MSFT-META","Message":"correlation spike","Value":0.8463080711779513,"Threshold":0.82,"Time":"2025-11-13T16:30:21.105819839-05:00"},{"Level":"CRITICAL","Symbol":"MARKET","Message":"crisis mode detected","Value":2.989661156166291,"Threshold":2.8,"Time":"2025-11-13T16:30:21.105874671-05:00"},{"Level":"HIGH","Symbol":"MSFT-META","Message":"correlation spike","Value":0.8478622106594147,"Threshold":0.82,"Time":"2025-11-13T16:30:21.130236847-05:00"},{"Level":"CRITICAL","Symbol":"MARKET","Message":"crisis mode detected","Value":3.037341439207201,"Threshold":2.8,"Time":"2025-11-13T16:30:21.130313302-05:00"},{"Level":"HIGH","Symbol":"MSFT-META","Message":"correlation spike","Value":0.8488461023006492,"Threshold":0.82,"Time":"2025-11-13T16:30:21.156251969-05:00"},{"Level":"CRITICAL","Symbol":"MARKET","Message":"crisis mode detected","Value":3.0337312542409767,"Threshold":2.8,"Time":"2025-11-13T16:30:21.156312322-05:00"},{"Level":"HIGH","Symbol":"MSFT-META","Message":"correlation spike","Value":0.8382838704672424,"Threshold":0.82,"Time":"2025-11-13T16:30:21.206180993-05:00"},{"Level":"CRITICAL","Symbol":"MARKET","Message":"crisis mode detected","Value":2.9575944996709693,"Threshold":2.8,"Time":"2025-11-13T16:30:21.206307289-05:00"},{"Level":"HIGH","Symbol":"MSFT-META","Message":"correlation spike","Value":0.8327688781248612,"Threshold":0.82,"Time":"2025-11-13T16:30:21.233184375-05:00"},{"Level":"HIGH","Symbol":"MSFT-META","Message":"correlation spike","Value":0.8318041697600719,"Threshold":0.82,"Time":"2025-11-13T16:30:21.255252236-05:00"},{"Level":"CRITICAL","Symbol":"MARKET","Message":"crisis mode detected","Value":2.9507754776001685,"Threshold":2.8,"Time":"2025-11-13T16:30:21.25538457-05:00"},{"Level":"HIGH","Symbol":"MSFT-META","Message":"correlation spike","Value":0.8259708240463552,"Threshold":0.82,"Time":"2025-11-13T16:30:21.330806644-05:00"},{"Level":"HIGH","Symbol":"MSFT-META","Message":"correlation spike","Value":0.8214828195287771,"Threshold":0.82,"Time":"2025-11-13T16:30:21.38084799-05:00"},{"Level":"CRITICAL","Symbol":"MARKET","Message":"crisis mode detected","Value":2.8994042729287504,"Threshold":2.8,"Time":"2025-11-13T16:30:21.380919341-05:00"},{"Level":"HIGH","Symbol":"MSFT-META","Message":"correlation spike","Value":0.8214828195287771,"Threshold":0.82,"Time":"2025-11-13T16:30:21.405186853-05:00"},{"Level":"CRITICAL","Symbol":"MARKET","Message":"crisis mode detected","Value":2.8994042729287504,"Threshold":2.8,"Time":"2025-11-13T16:30:21.40525109-05:00"},{"Level":"HIGH","Symbol":"MSFT-META","Message":"correlation spike","Value":0.8205895210591277,"Threshold":0.82,"Time":"2025-11-13T16:30:21.430827341-05:00"},{"Level":"CRITICAL","Symbol":"MARKET","Message":"crisis mode detected","Value":2.9016207847778768,"Threshold":2.8,"Time":"2025-11-13T16:30:21.430893628-05:00"},{"Level":"HIGH","Symbol":"MSFT-META","Message":"correlation spike","Value":0.8207182517634638,"Threshold":0.82,"Time":"2025-11-13T16:30:21.455191384-05:00"},{"Level":"CRITICAL","Symbol":"MARKET","Message":"crisis mode detected","Value":2.889732979037942,"Threshold":2.8,"Time":"2025-11-13T16:30:21.455254584-05:00"},{"Level":"HIGH","Symbol":"MSFT-META","Message":"correlation spike","Value":0.8204780318763233,"Threshold":0.82,"Time":"2025-11-13T16:30:21.480679279-05:00"},{"Level":"CRITICAL","Symbol":"MARKET","Message":"crisis mode detected","Value":2.873734131865484,"Threshold":2.8,"Time":"2025-11-13T16:30:21.480800309-05:00"},{"Level":"CRITICAL","Symbol":"MARKET","Message":"crisis mode detected","Value":2.8823653477614926,"Threshold":2.8,"Time":"2025-11-13T16:30:21.506273605-05:00"},{"Level":"CRITICAL","Symbol":"MARKET","Message":"crisis mode detected","Value":2.888533083197558,"Threshold":2.8,"Time":"2025-11-13T16:30:21.530864542-05:00"},{"Level":"CRITICAL","Symbol":"MARKET","Message":"crisis mode detected","Value":2.8982672462569363,"Threshold":2.8,"Time":"2025-11-13T16:30:21.5552272-05:00"},{"Level":"CRITICAL","Symbol":"MARKET","Message":"crisis mode detected","Value":2.8848205084783602,"Threshold":2.8,"Time":"2025-11-13T16:30:21.605480098-05:00"},{"Level":"CRITICAL","Symbol":"MARKET","Message":"crisis mode detected","Value":2.8501363733563814,"Threshold":2.8,"Time":"2025-11-13T16:30:21.630606929-05:00"},{"Level":"CRITICAL","Symbol":"MARKET","Message":"crisis mode detected","Value":2.8501363733563814,"Threshold":2.8,"Time":"2025-11-13T16:30:21.65556428-05:00"},{"Level":"CRITICAL","Symbol":"MARKET","Message":"crisis mode detected","Value":2.857980375848947,"Threshold":2.8,"Time":"2025-11-13T16:30:21.680840624-05:00"},{"Level":"CRITICAL","Symbol":"MARKET","Message":"crisis mode detected","Value":2.808799947280341,"Threshold":2.8,"Time":"2025-11-13T16:30:21.70549027-05:00"}]}
