{"Matrix":{"Cov":[[0.00012362732353454422,0.00001737194853600145,0.00001932681133071502,-1.3172376403366102e-7,-0.0000015434402510596306,-0.000011244283004259727,0.00001961957363341411,0.00003054013363980506,0.0000022669627150346144,-0.00001714968539097871,-8.129924709227165e-7,-0.000010793122079968142],[0.00001737194853600145,0.00018458691879479034,-0.00000610173355878129,-0.000015520979112544897,0.000013985808843253941,0.000023602275754144493,0.000007032524018026204,0.000013518477179837026,0.000030188982976449914,0.00003549617916630769,0.000007938927014887819,-0.000001003024400829433],[0.00001932681133071502,-0.00000610173355878129,0.00015377204413326455,0.000026575096094633677,-0.000058286470315195505,0.000002324307878963636,-0.00001312897425616302,0.000016054427423862633,-0.00002621798501946368,-0.00004946685615874749,-0.00004063986081422651,-5.711241065001611e-7],[-1.3172376403366102e-7,-0.000015520979112544897,0.000026575096094633677,0.00012078032964651418,-0.00002759821342858754,9.252790804208293e-8,0.00003573521755946146,0.00003256721046254307,-0.000007244760715139677,-0.00004005131676139532,-0.000023091973866382874,-0.0000050886675954242495],[-0.0000015434402510596306,0.000013985808843253941,-0.000058286470315195505,-0.00002759821342858754,0.00015825881338932477,0.000028109253960328446,0.000030248512899641293,-0.000015669767702561605,-0.000002204766724467795,0.00003722656282327871,0.000019086714011663508,-0.00001735136391527328],[-0.000011244283004259727,0.000023602275754144493,0.000002324307878963636,9.252790804208293e-8,0.000028109253960328446,0.00015249334872751032,0.000030444144915429695,-0.000013251809000924215,-0.000036171845750920276,-0.000014543472094448091,0.000012238475876411262,-0.000017408643585742567],[0.00001961957363341411,0.000007032524018026204,-0.00001312897425616302,0.00003573521755946146,0.000030248512899641293,0.000030444144915429695,0.00015479670161849205,-0.00005766277991351795,0.0000028542518920596713,-0.000028336220458126534,0.000004049849142395073,0.0000037219633203878022],[0.00003054013363980506,0.000013518477179837026,0.000016054427423862633,0.00003256721046254307,-0.000015669767702561605,-0.000013251809000924215,-0.00005766277991351795,0.0001603869596009568,-0.000041439738554869186,-0.00001295626920240732,0.000009178291465207452,-0.00004644000792560424],[0.0000022669627150346144,0.000030188982976449914,-0.00002621798501946368,-0.000007244760715139677,-0.000002204766724467795,-0.000036171845750920276,0.0000028542518920596713,-0.000041439738554869186,0.00017793292803597343,-0.000011592201046783525,-0.000011597205302339876,0.000022940768850354707],[-0.00001714968539097871,0.00003549617916630769,-0.00004946685615874749,-0.00004005131676139532,0.00003722656282327871,-0.000014543472094448091,-0.000028336220458126534,-0.00001295626920240732,-0.000011592201046783525,0.00015712003316541495,-0.000010101529571959529,-0.0000029088615858904558],[-8.129924709227165e-7,0.000007938927014887819,-0.00004063986081422651,-0.000023091973866382874,0.000019086714011663508,0.000012238475876411262,0.000004049849142395073,0.000009178291465207452,-0.000011597205302339876,-0.000010101529571959529,0.00019315709045225575,0.00003255344354913968],[-0.000010793122079968142,-0.000001003024400829433,-5.711241065001611e-7,-0.0000050886675954242495,-0.00001735136391527328,-0.000017408643585742567,0.0000037219633203878022,-0.00004644000792560424,0.000022940768850354707,-0.0000029088615858904558,0.00003255344354913968,0.00015720560527347603]],"Cor":[[1,0.1149981464291442,0.14017297142132482,-0.001077975259263935,-0.011034397780270405,-0.08189343415324339,0.14182457158659104,0.21688482793960878,0.015284772569408842,-0.1230504320047908,-0.005261068574969802,-0.0774204769158108],[0.1149981464291442,1,-0.03621713446993382,-0.10394905581964657,0.08182823340751257,0.14067857778297446,0.041603504242104815,0.07856747294933941,0.16657884999981207,0.20843246588581021,0.0420441930631647,-0.005888125046935426],[0.14017297142132482,-0.03621713446993382,1,0.19500154149684998,-0.37363289931758753,0.015178522886778472,-0.08509641254003301,0.10222840857952546,-0.15850116345230952,-0.31824371463007345,-0.23580781309183507,-0.003673311718655695],[-0.001077975259263935,-0.10394905581964657,0.19500154149684998,1,-0.19961763736356022,0.0006817877397526222,0.2613469727320775,0.23399033980392864,-0.04941943521765275,-0.2907387457374638,-0.1511846241382014,-0.03692937552223588],[-0.011034397780270405,0.08182823340751257,-0.37363289931758753,-0.19961763736356022,1,0.18094222063510387,0.19325877597450325,-0.09835446454948543,-0.013138643548185771,0.2360767433477238,0.10916712832815792,-0.11000581739579712],[-0.08189343415324339,0.14067857778297446,0.015178522886778472,0.0006817877397526222,0.18094222063510387,1,0.1981515521012032,-0.08473545964484593,-0.21959227428910544,-0.09395650859482559,0.07130936315272089,-0.11243602142228135],[0.14182457158659104,0.041603504242104815,-0.08509641254003301,0.2613469727320775,0.19325877597450325,0.1981515521012032,1,-0.3659571166737455,0.017198211423790064,-0.181695968141906,0.02342085078600528,0.023859273968816732],[0.21688482793960878,0.07856747294933941,0.10222840857952546,0.23399033980392864,-0.09835446454948543,-0.08473545964484593,-0.3659571166737455,1,-0.24530382301963233,-0.0816168172098361,0.052146118854768095,-0.292464894854178],[0.015284772569408842,0.16657884999981207,-0.15850116345230952,-0.04941943521765275,-0.013138643548185771,-0.21959227428910544,0.017198211423790064,-0.24530382301963233,1,-0.0693301214235429,-0.06255612736622494,0.1371657848217128],[-0.1230504320047908,0.20843246588581021,-0.31824371463007345,-0.2907387457374638,0.2360767433477238,-0.09395650859482559,-0.181695968141906,-0.0816168172098361,-0.0693301214235429,1,-0.05798504933810887,-0.01850858687908659],[-0.005261068574969802,0.0420441930631647,-0.23580781309183507,-0.1511846241382014,0.10916712832815792,0.07130936315272089,0.02342085078600528,0.052146118854768095,-0.06255612736622494,-0.05798504933810887,1,0.186813215014696],[-0.0774204769158108,-0.005888125046935426,-0.003673311718655695,-0.03692937552223588,-0.11000581739579712,-0.11243602142228135,0.023859273968816732,-0.292464894854178,0.1371657848217128,-0.01850858687908659,0.186813215014696,1]],"Symbols":["AAPL","GOOGL","MSFT","AMZN","TSLA","META","NVDA","AMD","JPM","BAC","GS","MS"],"Time":"2025-10-09T16:47:17.171788175-04:00"},"Mode":{"Eigenvalues":[2.0329091065021223,1.5822183315968599,1.5022822219924579,0.23987760512133072,0.3956633773707498,1.2392572500163936,1.1579870618424297,1.0358469501972256,0.9049369485385167,0.8127772500680962,0.5116099700522747,0.5846339267015396],"MaxEigen":2.0329091065021223,"Condition":8.474776565631759,"Regime":"NORMAL","Time":"2025-10-09T16:47:17.172137435-04:00"},"Alerts":[{"Level":"HIGH","Symbol":"NVDA-JPM","Message":"correlation spike","Value":0.9999999999999998,"Threshold":0.8,"Time":"2025-10-09T16:47:14.438900859-04:00"},{"Level":"HIGH","Symbol":"NVDA-BAC","Message":"correlation spike","Value":-1.0000000000000002,"Threshold":0.8,"Time":"2025-10-09T16:47:14.438901655-04:00"},{"Level":"HIGH","Symbol":"NVDA-GS","Message":"correlation spike","Value":-0.9999999999999999,"Threshold":0.8,"Time":"2025-10-09T16:47:14.438902443-04:00"},{"Level":"HIGH","Symbol":"NVDA-MS","Message":"correlation spike","Value":0.9999999999999999,"Threshold":0.8,"Time":"2025-10-09T16:47:14.438903228-04:00"},{"Level":"HIGH","Symbol":"AMD-JPM","Message":"correlation spike","Value":-0.9999999999999998,"Threshold":0.8,"Time":"2025-10-09T16:47:14.43890417-04:00"},{"Level":"HIGH","Symbol":"AMD-BAC","Message":"correlation spike","Value":1.0000000000000002,"Threshold":0.8,"Time":"2025-10-09T16:47:14.438905082-04:00"},{"Level":"HIGH","Symbol":"AMD-GS","Message":"correlation spike","Value":1,"Threshold":0.8,"Time":"2025-10-09T16:47:14.438905907-04:00"},{"Level":"HIGH","Symbol":"AMD-MS","Message":"correlation spike","Value":-1,"Threshold":0.8,"Time":"2025-10-09T16:47:14.438906763-04:00"},{"Level":"HIGH","Symbol":"JPM-BAC","Message":"correlation spike","Value":-1,"Threshold":0.8,"Time":"2025-10-09T16:47:14.438907551-04:00"},{"Level":"HIGH","Symbol":"JPM-GS","Message":"correlation spike","Value":-1,"Threshold":0.8,"Time":"2025-10-09T16:47:14.438908384-04:00"},{"Level":"HIGH","Symbol":"JPM-MS","Message":"correlation spike","Value":1,"Threshold":0.8,"Time":"2025-10-09T16:47:14.438909153-04:00"},{"Level":"HIGH","Symbol":"BAC-GS","Message":"correlation spike","Value":1.0000000000000002,"Threshold":0.8,"Time":"2025-10-09T16:47:14.438910022-04:00"},{"Level":"HIGH","Symbol":"BAC-MS","Message":"correlation spike","Value":-1,"Threshold":0.8,"Time":"2025-10-09T16:47:14.438917805-04:00"},{"Level":"HIGH","Symbol":"GS-MS","Message":"correlation spike","Value":-0.9999999999999999,"Threshold":0.8,"Time":"2025-10-09T16:47:14.438918682-04:00"},{"Level":"CRITICAL","Symbol":"MARKET","Message":"crisis mode","Value":8,"Threshold":3,"Time":"2025-10-09T16:47:14.439310541-04:00"},{"Level":"HIGH","Symbol":"AAPL-GOOGL","Message":"correlation spike","Value":-0.9787033626116207,"Threshold":0.8,"Time":"2025-10-09T16:47:14.47189194-04:00"},{"Level":"HIGH","Symbol":"AAPL-MSFT","Message":"correlation spike","Value":-0.947661482069913,"Threshold":0.8,"Time":"2025-10-09T16:47:14.471896428-04:00"},{"Level":"HIGH","Symbol":"AAPL-AMZN","Message":"correlation spike","Value":0.8848616514861819,"Threshold":0.8,"Time":"2025-10-09T16:47:14.471897515-04:00"},{"Level":"HIGH","Symbol":"AAPL-NVDA","Message":"correlation spike","Value":0.8690791311902472,"Threshold":0.8,"Time":"2025-10-09T16:47:14.471898659-04:00"},{"Level":"HIGH","Symbol":"GOOGL-MSFT","Message":"correlation spike","Value":0.8619384415837799,"Threshold":0.8,"Time":"2025-10-09T16:47:14.472007084-04:00"},{"Level":"HIGH","Symbol":"MSFT-AMZN","Message":"correlation spike","Value":-0.9872856765376263,"Threshold":0.8,"Time":"2025-10-09T16:47:14.472009553-04:00"},{"Level":"HIGH","Symbol":"MSFT-NVDA","Message":"correlation spike","Value":-0.9815304892816918,"Threshold":0.8,"Time":"2025-10-09T16:47:14.472011011-04:00"},{"Level":"HIGH","Symbol":"MSFT-GS","Message":"correlation spike","Value":0.9142480975954151,"Threshold":0.8,"Time":"2025-10-09T16:47:14.472012596-04:00"},{"Level":"HIGH","Symbol":"AMZN-NVDA","Message":"correlation spike","Value":0.9994601832846858,"Threshold":0.8,"Time":"2025-10-09T16:47:14.472014444-04:00"},{"Level":"HIGH","Symbol":"AMZN-GS","Message":"correlation spike","Value":-0.967025817040456,"Threshold":0.8,"Time":"2025-10-09T16:47:14.472016065-04:00"},{"Level":"HIGH","Symbol":"TSLA-NVDA","Message":"correlation spike","Value":-0.8061698758136817,"Threshold":0.8,"Time":"2025-10-09T16:47:14.472017555-04:00"},{"Level":"HIGH","Symbol":"TSLA-AMD","Message":"correlation spike","Value":0.9667659474671964,"Threshold":0.8,"Time":"2025-10-09T16:47:14.472018892-04:00"},{"Level":"HIGH","Symbol":"TSLA-JPM","Message":"correlation spike","Value":-0.9829175023202948,"Threshold":0.8,"Time":"2025-10-09T16:47:14.472020434-04:00"},{"Level":"HIGH","Symbol":"TSLA-GS","Message":"correlation spike","Value":0.9177214842644883,"Threshold":0.8,"Time":"2025-10-09T16:47:14.472022063-04:00"},{"Level":"HIGH","Symbol":"TSLA-MS","Message":"correlation spike","Value":-0.9997072568958458,"Threshold":0.8,"Time":"2025-10-09T16:47:14.472023392-04:00"},{"Level":"HIGH","Symbol":"META-AMD","Message":"correlation spike","Value":-0.8303978073238891,"Threshold":0.8,"Time":"2025-10-09T16:47:14.472024886-04:00"},{"Level":"HIGH","Symbol":"META-BAC","Message":"correlation spike","Value":-0.9999200436837221,"Threshold":0.8,"Time":"2025-10-09T16:47:14.472026371-04:00"},{"Level":"HIGH","Symbol":"NVDA-GS","Message":"correlation spike","Value":-0.9748708355367601,"Threshold":0.8,"Time":"2025-10-09T16:47:14.47202845-04:00"},{"Level":"HIGH","Symbol":"AMD-JPM","Message":"correlation spike","Value":-0.9973051109611087,"Threshold":0.8,"Time":"2025-10-09T16:47:14.472029988-04:00"},{"Level":"HIGH","Symbol":"AMD-BAC","Message":"correlation spike","Value":0.8232857599159586,"Threshold":0.8,"Time":"2025-10-09T16:47:14.472031459-04:00"},{"Level":"HIGH","Symbol":"AMD-MS","Message":"correlation spike","Value":-0.9726687143890755,"Threshold":0.8,"Time":"2025-10-09T16:47:14.472032959-04:00"},{"Level":"HIGH","Symbol":"JPM-GS","Message":"correlation spike","Value":-0.8289366612735881,"Threshold":0.8,"Time":"2025-10-09T16:47:14.472034392-04:00"},{"Level":"HIGH","Symbol":"JPM-MS","Message":"correlation spike","Value":0.9870827790839813,"Threshold":0.8,"Time":"2025-10-09T16:47:14.4720358-04:00"},{"Level":"HIGH","Symbol":"GS-MS","Message":"correlation spike","Value":-0.9078419612481287,"Threshold":0.8,"Time":"2025-10-09T16:47:14.472037425-04:00"},{"Level":"CRITICAL","Symbol":"MARKET","Message":"crisis mode","Value":7.817333489901899,"Threshold":3,"Time":"2025-10-09T16:47:14.4724121-04:00"},{"Level":"HIGH","Symbol":"AAPL-GOOGL","Message":"correlation spike","Value":-0.9594606875743393,"Threshold":0.8,"Time":"2025-10-09T16:47:14.504199435-04:00"},{"Level":"HIGH","Symbol":"AAPL-AMZN","Message":"correlation spike","Value":0.8291495549296901,"Threshold":0.8,"Time":"2025-10-09T16:47:14.504206653-04:00"},{"Level":"HIGH","Symbol":"GOOGL-AMZN","Message":"correlation spike","Value":-0.848335495277182,"Threshold":0.8,"Time":"2025-10-09T16:47:14.504209768-04:00"},{"Level":"HIGH","Symbol":"MSFT-NVDA","Message":"correlation spike","Value":-0.97820859881781,"Threshold":0.8,"Time":"2025-10-09T16:47:14.504212478-04:00"},{"Level":"HIGH","Symbol":"AMZN-TSLA","Message":"correlation spike","Value":-0.8542886189225177,"Threshold":0.8,"Time":"2025-10-09T16:47:14.504215177-04:00"},{"Level":"HIGH","Symbol":"TSLA-BAC","Message":"correlation spike","Value":0.8117944052422819,"Threshold":0.8,"Time":"2025-10-09T16:47:14.504217435-04:00"},{"Level":"HIGH","Symbol":"AMD-JPM","Message":"correlation spike","Value":-0.9860965481231796,"Threshold":0.8,"Time":"2025-10-09T16:47:14.504220213-04:00"},{"Level":"HIGH","Symbol":"AMD-GS","Message":"correlation spike","Value":0.8618224119693496,"Threshold":0.8,"Time":"2025-10-09T16:47:14.504221921-04:00"},{"Level":"HIGH","Symbol":"AMD-MS","Message":"correlation spike","Value":-0.9539446643369784,"Threshold":0.8,"Time":"2025-10-09T16:47:14.504223486-04:00"},{"Level":"HIGH","Symbol":"JPM-GS","Message":"correlation spike","Value":-0.8022032051811254,"Threshold":0.8,"Time":"2025-10-09T16:47:14.504225101-04:00"},{"Level":"HIGH","Symbol":"JPM-MS","Message":"correlation spike","Value":0.906379961053828,"Threshold":0.8,"Time":"2025-10-09T16:47:14.504226355-04:00"},{"Level":"HIGH","Symbol":"GS-MS","Message":"correlation spike","Value":-0.9723847258911419,"Threshold":0.8,"Time":"2025-10-09T16:47:14.504228014-04:00"},{"Level":"CRITICAL","Symbol":"MARKET","Message":"crisis mode","Value":5.505179704898285,"Threshold":3,"Time":"2025-10-09T16:47:14.504762561-04:00"},{"Level":"HIGH","Symbol":"AAPL-GOOGL","Message":"correlation spike","Value":-0.9594606875743393,"Threshold":0.8,"Time":"2025-10-09T16:47:14.537517983-04:00"},{"Level":"HIGH","Symbol":"AMD-JPM","Message":"correlation spike","Value":-0.9877542759175042,"Threshold":0.8,"Time":"2025-10-09T16:47:14.537555127-04:00"},{"Level":"HIGH","Symbol":"AMD-MS","Message":"correlation spike","Value":-0.9507897559795586,"Threshold":0.8,"Time":"2025-10-09T16:47:14.537557008-04:00"},{"Level":"HIGH","Symbol":"JPM-MS","Message":"correlation spike","Value":0.9097001483420419,"Threshold":0.8,"Time":"2025-10-09T16:47:14.537558516-04:00"},{"Level":"CRITICAL","Symbol":"MARKET","Message":"crisis mode","Value":4.313647878175991,"Threshold":3,"Time":"2025-10-09T16:47:14.537794492-04:00"},{"Level":"HIGH","Symbol":"AAPL-MSFT","Message":"correlation spike","Value":-0.8317472993021583,"Threshold":0.8,"Time":"2025-10-09T16:47:14.571880507-04:00"},{"Level":"HIGH","Symbol":"MSFT-NVDA","Message":"correlation spike","Value":-0.9204320203836353,"Threshold":0.8,"Time":"2025-10-09T16:47:14.571890467-04:00"},{"Level":"HIGH","Symbol":"TSLA-BAC","Message":"correlation spike","Value":0.8890832694772155,"Threshold":0.8,"Time":"2025-10-09T16:47:14.571893544-04:00"},{"Level":"HIGH","Symbol":"TSLA-GS","Message":"correlation spike","Value":-0.9196839263813351,"Threshold":0.8,"Time":"2025-10-09T16:47:14.571895204-04:00"},{"Level":"HIGH","Symbol":"AMD-JPM","Message":"correlation spike","Value":-0.9877542759175042,"Threshold":0.8,"Time":"2025-10-09T16:47:14.571897801-04:00"},{"Level":"HIGH","Symbol":"AMD-MS","Message":"correlation spike","Value":-0.9507897559795586,"Threshold":0.8,"Time":"2025-10-09T16:47:14.571899533-04:00"},{"Level":"HIGH","Symbol":"JPM-MS","Message":"correlation spike","Value":0.9097001483420419,"Threshold":0.8,"Time":"2025-10-09T16:47:14.571901423-04:00"},{"Level":"CRITICAL","Symbol":"MARKET","Message":"crisis mode","Value":5.890174280030816,"Threshold":3,"Time":"2025-10-09T16:47:14.572315949-04:00"},{"Level":"HIGH","Symbol":"MSFT-NVDA","Message":"correlation spike","Value":-0.8639626823815459,"Threshold":0.8,"Time":"2025-10-09T16:47:14.604631539-04:00"},{"Level":"HIGH","Symbol":"TSLA-BAC","Message":"correlation spike","Value":0.8784729334004674,"Threshold":0.8,"Time":"2025-10-09T16:47:14.60464155-04:00"},{"Level":"HIGH","Symbol":"AMD-JPM","Message":"correlation spike","Value":-0.9343430893229716,"Threshold":0.8,"Time":"2025-10-09T16:47:14.604644733-04:00"},{"Level":"HIGH","Symbol":"JPM-MS","Message":"correlation spike","Value":0.8919171653194045,"Threshold":0.8,"Time":"2025-10-09T16:47:14.604647133-04:00"},{"Level":"HIGH","Symbol":"GS-MS","Message":"correlation spike","Value":-0.824574636816132,"Threshold":0.8,"Time":"2025-10-09T16:47:14.604648916-04:00"},{"Level":"CRITICAL","Symbol":"MARKET","Message":"crisis mode","Value":4.926386008209741,"Threshold":3,"Time":"2025-10-09T16:47:14.605015044-04:00"},{"Level":"HIGH","Symbol":"MSFT-NVDA","Message":"correlation spike","Value":-0.8639626823815459,"Threshold":0.8,"Time":"2025-10-09T16:47:14.638192329-04:00"},{"Level":"HIGH","Symbol":"TSLA-BAC","Message":"correlation spike","Value":0.8784729334004674,"Threshold":0.8,"Time":"2025-10-09T16:47:14.638199517-04:00"},{"Level":"HIGH","Symbol":"AMD-JPM","Message":"correlation spike","Value":-0.9343430893229716,"Threshold":0.8,"Time":"2025-10-09T16:47:14.63821181-04:00"},{"Level":"HIGH","Symbol":"JPM-MS","Message":"correlation spike","Value":0.8919171653194045,"Threshold":0.8,"Time":"2025-10-09T16:47:14.638214448-04:00"},{"Level":"HIGH","Symbol":"GS-MS","Message":"correlation spike","Value":-0.824574636816132,"Threshold":0.8,"Time":"2025-10-09T16:47:14.638216458-04:00"},{"Level":"CRITICAL","Symbol":"MARKET","Message":"crisis mode","Value":4.85642133742734,"Threshold":3,"Time":"2025-10-09T16:47:14.63857287-04:00"},{"Level":"HIGH","Symbol":"MSFT-NVDA","Message":"correlation spike","Value":-0.8499283348257111,"Threshold":0.8,"Time":"2025-10-09T16:47:14.671844187-04:00"},{"Level":"HIGH","Symbol":"AMD-JPM","Message":"correlation spike","Value":-0.8958832522514998,"Threshold":0.8,"Time":"2025-10-09T16:47:14.671853467-04:00"},{"Level":"HIGH","Symbol":"GS-MS","Message":"correlation spike","Value":-0.9103701493141364,"Threshold":0.8,"Time":"2025-10-09T16:47:14.671855447-04:00"},{"Level":"CRITICAL","Symbol":"MARKET","Message":"crisis mode","Value":4.021875342066791,"Threshold":3,"Time":"2025-10-09T16:47:14.672083569-04:00"},{"Level":"HIGH","Symbol":"GOOGL-TSLA","Message":"correlation spike","Value":0.8098326244871717,"Threshold":0.8,"Time":"2025-10-09T16:47:14.704686608-04:00"},{"Level":"HIGH","Symbol":"MSFT-NVDA","Message":"correlation spike","Value":-0.8389796821898782,"Threshold":0.8,"Time":"2025-10-09T16:47:14.704694642-04:00"},{"Level":"HIGH","Symbol":"GS-MS","Message":"correlation spike","Value":-0.9106304719372681,"Threshold":0.8,"Time":"2025-10-09T16:47:14.70469891-04:00"},{"Level":"CRITICAL","Symbol":"MARKET","Message":"crisis mode","Value":3.8471585925923195,"Threshold":3,"Time":"2025-10-09T16:47:14.705188519-04:00"},{"Level":"HIGH","Symbol":"GOOGL-TSLA","Message":"correlation spike","Value":0.8170309852285088,"Threshold":0.8,"Time":"2025-10-09T16:47:14.738642707-04:00"},{"Level":"HIGH","Symbol":"GS-MS","Message":"correlation spike","Value":-0.9106304719372681,"Threshold":0.8,"Time":"2025-10-09T16:47:14.738654186-04:00"},{"Level":"CRITICAL","Symbol":"MARKET","Message":"crisis mode","Value":3.27885390335097,"Threshold":3,"Time":"2025-10-09T16:47:14.738982279-04:00"},{"Level":"HIGH","Symbol":"GOOGL-TSLA","Message":"correlation spike","Value":0.8170309852285088,"Threshold":0.8,"Time":"2025-10-09T16:47:14.771379039-04:00"},{"Level":"CRITICAL","Symbol":"MARKET","Message":"crisis mode","Value":3.926877318571986,"Threshold":3,"Time":"2025-10-09T16:47:14.771655968-04:00"},{"Level":"CRITICAL","Symbol":"MARKET","Message":"crisis mode","Value":3.753691636659097,"Threshold":3,"Time":"2025-10-09T16:47:14.804596541-04:00"},{"Level":"CRITICAL","Symbol":"MARKET","Message":"crisis mode","Value":3.753691636659097,"Threshold":3,"Time":"2025-10-09T16:47:14.838009424-04:00"},{"Level":"CRITICAL","Symbol":"MARKET","Message":"crisis mode","Value":3.6502495216500597,"Threshold":3,"Time":"2025-10-09T16:47:14.871567623-04:00"},{"Level":"CRITICAL","Symbol":"MARKET","Message":"crisis mode","Value":3.587166200305554,"Threshold":3,"Time":"2025-10-09T16:47:14.905678712-04:00"},{"Level":"CRITICAL","Symbol":"MARKET","Message":"crisis mode","Value":3.289277843929953,"Threshold":3,"Time":"2025-10-09T16:47:14.938305244-04:00"},{"Level":"CRITICAL","Symbol":"MARKET","Message":"crisis mode","Value":3.24051341488643,"Threshold":3,"Time":"2025-10-09T16:47:14.971844598-04:00"},{"Level":"CRITICAL","Symbol":"MARKET","Message":"crisis mode","Value":3.1330541545884767,"Threshold":3,"Time":"2025-10-09T16:47:15.005063909-04:00"},{"Level":"CRITICAL","Symbol":"MARKET","Message":"crisis mode","Value":3.1330541545884767,"Threshold":3,"Time":"2025-10-09T16:47:15.038491707-04:00"},{"Level":"CRITICAL","Symbol":"MARKET","Message":"crisis mode","Value":3.0012207018765578,"Threshold":3,"Time":"2025-10-09T16:47:15.071452907-04:00"}]}
